0110
0111
0110
1000
0110
0111
0110
1001
0110
0111
0110
1000
0110
0111
0110
1010
0110
0111
0110
1000
0110
0111
0110
1001
0110
0111
0110
1000
0110
0111
0110
1011
0110
0111
0110
1000
0110
0111
0110
1001
0110
0111
0110
1000
0110
0111
0110
1010
0110
0111
0110
1000
0110
0111
0110
1001
0110
0111
0110
1000
0110
0111
0110
1100
0110
0111
0110
1000
0110
0111
0110
1001
0110
0111
0110
1000
0110
0111
0110
1010
0110
0111
0110
1000
0110
0111
0110
1001
0110
0111
0110
1000
0110
0111
0110
1011
0110
0111
0110
1000
0110
0111
0110
1001
0110
0111
0110
1000
0110
0111
0110
1010
0110
0111
0110
1000
0110
0111
0110
1001
0110
0111
0110
1000
0110
0111
0110
1101
0110
0111
0110
1000
0110
0111
0110
1001
0110
0111
0110
1000
0110
0111
0110
1010
0110
0111
0110
1000
0110
0111
0110
1001
0110
0111
0110
1000
0110
0111
0110
1011
0110
0111
0110
1000
0110
0111
0110
1001
0110
0111
0110
1000
0110
0111
0110
1010
0110
0111
0110
1000
0110
0111
0110
1001
0110
0111
0110
1000
0110
0111
0110
1100
0110
0111
0110
1000
0110
0111
0110
1001
0110
0111
0110
1000
0110
0111
0110
1010
0110
0111
0110
1000
0110
0111
0110
1001
0110
0111
0110
1000
0110
0111
0110
1011
0110
0111
0110
1000
0110
0111
0110
1001
0110
0111
0110
1000
0110
0111
0110
1010
0110
0111
0110
1000
0110
0111
0110
1001
0110
0111
0110
1000
0110
0111
0110
1110
0110
0111
0110
1000
0110
0111
0110
1001
0110
0111
0110
1000
0110
0111
0110
1010
0110
0111
0110
1000
0110
0111
0110
1001
0110
0111
0110
1000
0110
0111
0110
1011
0110
0111
0110
1000
0110
0111
0110
1001
0110
0111
0110
1000
0110
0111
0110
1010
0110
0111
0110
1000
0110
0111
0110
1001
0110
0111
0110
1000
0110
0111
0110
1100
0110
0111
0110
1000
0110
0111
0110
1001
0110
0111
0110
1000
0110
0111
0110
1010
0110
0111
0110
1000
0110
0111
0110
1001
0110
0111
0110
1000
0110
0111
0110
1011
0110
0111
0110
1000
0110
0111
0110
1001
0110
0111
0110
1000
0110
0111
0110
1010
0110
0111
0110
1000
0110
0111
0110
1001
0110
0111
0110
1000
0110
0111
0110
1101
0110
0111
0110
1000
0110
0111
0110
1001
0110
0111
0110
1000
0110
0111
0110
1010
0110
0111
0110
1000
0110
0111
0110
1001
0110
0111
0110
1000
0110
0111
0110
1011
0110
0111
0110
1000
0110
0111
0110
1001
0110
0111
0110
1000
0110
0111
0110
1010
0110
0111
0110
1000
0110
0111
0110
1001
0110
0111
0110
1000
0110
0111
0110
1100
0110
0111
0110
1000
0110
0111
0110
1001
0110
0111
0110
1000
0110
0111
0110
1010
0110
0111
0110
1000
0110
0111
0110
1001
0110
0111
0110
1000
0110
0111
0110
1011
0110
0111
0110
1000
0110
0111
0110
1001
0110
0111
0110
1000
0110
0111
0110
1010
0110
0111
0110
1000
0110
0111
0110
1001
0110
0111
0110
1000
0110
0111
0110
1111
